idx	label	predict	radius	correct	time
0	0	0	0.738	1	0:02:33.144821
2500	1	1	1.24	1	0:02:29.060859
5000	3	2	0.361	0	0:02:29.216528
7500	5	-1	0.0	0	0:02:29.137096
10000	7	-1	0.0	0	0:02:29.322400
12500	9	9	1.22	1	0:02:29.250907
15000	11	11	1.61	1	0:02:29.288784
17500	13	13	0.972	1	0:02:29.218818
20000	15	15	0.199	1	0:02:29.316583
22500	17	17	1.96	1	0:02:29.260308
25000	19	19	1.96	1	0:02:29.329369
27500	21	-1	0.0	0	0:02:29.355073
30000	23	23	0.693	1	0:02:29.412630
32500	25	-1	0.0	0	0:02:29.385425
35000	26	-1	0.0	0	0:02:29.265491
37500	28	-1	0.0	0	0:02:29.384462
40000	30	-1	0.0	0	0:02:29.266210
42500	32	-1	0.0	0	0:02:29.381042
45000	34	34	0.297	1	0:02:29.256021
47500	36	37	0.418	0	0:02:29.446830
50000	38	56	0.227	0	0:02:29.465693
52500	40	31	1.21	0	0:02:29.402376
55000	42	-1	0.0	0	0:02:29.416203
57500	44	-1	0.0	0	0:02:29.487939
60000	46	46	0.0162	1	0:02:29.482552
62500	48	-1	0.0	0	0:02:29.288984
65000	50	50	0.688	1	0:02:29.507597
67500	52	52	0.473	1	0:02:29.445419
70000	54	336	0.0757	0	0:02:29.479341
72500	55	55	1.96	1	0:02:29.539221
75000	57	57	0.733	1	0:02:29.537832
77500	59	59	0.579	1	0:02:29.496805
80000	61	61	0.0782	1	0:02:29.567710
82500	63	63	0.695	1	0:02:29.597270
85000	65	65	1.44	1	0:02:29.591175
87500	67	68	0.797	0	0:02:29.644073
90000	69	69	0.214	1	0:02:29.500475
92500	71	71	0.762	1	0:02:29.622993
95000	73	815	0.106	0	0:02:29.560875
97500	75	75	0.365	1	0:02:29.721147
100000	77	77	1.63	1	0:02:29.693211
102500	79	-1	0.0	0	0:02:29.485102
105000	81	81	1.96	1	0:02:29.646684
107500	83	83	1.96	1	0:02:29.580555
110000	84	84	1.96	1	0:02:29.557945
112500	86	86	1.96	1	0:02:29.507391
115000	88	-1	0.0	0	0:02:29.239670
117500	90	90	1.29	1	0:02:29.522233
120000	92	14	0.109	0	0:02:29.513683
122500	94	94	0.141	1	0:02:29.462924
125000	96	96	1.96	1	0:02:29.510839
127500	98	98	1.96	1	0:02:29.484181
130000	100	100	1.27	1	0:02:29.575199
132500	102	102	1.96	1	0:02:29.621795
135000	104	104	1.8	1	0:02:29.616838
137500	106	291	0.00508	0	0:02:29.632895
140000	108	-1	0.0	0	0:02:29.675272
142500	110	63	0.487	0	0:02:29.536740
145000	112	112	1.86	1	0:02:29.527190
147500	113	113	0.609	1	0:02:29.521138
150000	115	115	0.0332	1	0:02:29.629691
152500	117	117	0.387	1	0:02:29.559864
155000	119	124	0.651	0	0:02:29.575352
157500	121	121	1.49	1	0:02:29.533438
160000	123	123	0.205	1	0:02:29.613782
162500	125	-1	0.0	0	0:02:29.534879
165000	127	127	1.86	1	0:02:29.525242
167500	129	129	1.96	1	0:02:29.592366
170000	131	131	1.1	1	0:02:29.401855
172500	133	133	1.96	1	0:02:29.431328
175000	135	135	1.47	1	0:02:29.486032
177500	137	137	1.0	1	0:02:29.296465
180000	138	138	0.45	1	0:02:29.334985
182500	140	140	1.15	1	0:02:29.491296
185000	142	142	1.64	1	0:02:29.470258
187500	144	99	0.125	0	0:02:29.248778
190000	146	146	0.668	1	0:02:29.408868
192500	148	148	1.3	1	0:02:29.476470
195000	150	150	0.25	1	0:02:29.453233
197500	152	152	0.775	1	0:02:29.440597
200000	154	154	0.843	1	0:02:29.396932
202500	156	156	0.786	1	0:02:29.418809
205000	159	-1	0.0	0	0:02:29.376600
207500	160	160	1.67	1	0:02:29.354494
210000	162	161	0.229	0	0:02:29.446158
212500	164	237	0.0277	0	0:02:29.463233
215000	167	-1	0.0	0	0:02:29.356811
217500	169	169	0.229	1	0:02:29.431966
220000	171	-1	0.0	0	0:02:29.541179
222500	173	-1	0.0	0	0:02:29.460051
225000	176	368	0.349	0	0:02:29.526432
227500	177	177	0.875	1	0:02:29.566656
230000	179	245	0.3	0	0:02:29.587831
232500	181	181	1.96	1	0:02:29.550887
235000	183	183	0.938	1	0:02:29.520202
237500	185	-1	0.0	0	0:02:29.562827
240000	187	-1	0.0	0	0:02:29.458843
242500	189	-1	0.0	0	0:02:29.428200
245000	192	-1	0.0	0	0:02:29.437860
247500	193	201	0.058	0	0:02:29.530558
250000	195	-1	0.0	0	0:02:29.482918
252500	197	197	1.8	1	0:02:29.334208
255000	199	199	0.667	1	0:02:29.399293
257500	201	201	1.46	1	0:02:29.372160
260000	203	-1	0.0	0	0:02:29.288341
262500	205	205	0.819	1	0:02:29.254994
265000	207	207	1.91	1	0:02:29.307494
267500	209	-1	0.0	0	0:02:29.242387
270000	211	211	0.0603	1	0:02:29.409910
272500	213	339	0.445	0	0:02:29.267920
275000	215	215	0.828	1	0:02:29.378440
277500	217	-1	0.0	0	0:02:29.436293
280000	219	-1	0.0	0	0:02:29.425308
282500	221	221	0.335	1	0:02:29.395173
285000	223	223	1.6	1	0:02:29.515735
287500	225	-1	0.0	0	0:02:29.459777
290000	227	227	0.434	1	0:02:29.464106
292500	228	228	1.24	1	0:02:29.386791
295000	230	230	0.7	1	0:02:29.330612
297500	232	217	0.529	0	0:02:29.426615
300000	234	-1	0.0	0	0:02:29.428538
302500	236	-1	0.0	0	0:02:29.401804
305000	238	238	1.24	1	0:02:29.352853
307500	240	240	1.96	1	0:02:29.429407
310000	242	242	0.506	1	0:02:29.504066
312500	244	-1	0.0	0	0:02:29.370922
315000	246	246	0.705	1	0:02:29.437524
317500	248	-1	0.0	0	0:02:29.379510
320000	250	270	0.0458	0	0:02:29.427122
322500	252	252	1.84	1	0:02:29.540060
325000	254	254	1.59	1	0:02:29.546957
327500	256	256	0.803	1	0:02:29.505705
330000	258	258	0.837	1	0:02:29.407573
332500	260	-1	0.0	0	0:02:29.507624
335000	261	261	1.96	1	0:02:29.527912
337500	264	-1	0.0	0	0:02:29.515460
340000	265	265	0.304	1	0:02:29.384749
342500	267	-1	0.0	0	0:02:29.524436
345000	270	270	1.96	1	0:02:29.408815
347500	272	272	0.727	1	0:02:29.391684
350000	274	274	0.0626	1	0:02:29.434708
352500	276	276	1.91	1	0:02:29.506279
355000	277	277	0.165	1	0:02:29.448149
357500	279	279	0.469	1	0:02:29.357900
360000	281	-1	0.0	0	0:02:29.371935
362500	283	282	0.278	0	0:02:29.386100
365000	285	281	0.179	0	0:02:29.368697
367500	287	287	0.43	1	0:02:29.448733
370000	289	289	1.96	1	0:02:29.396549
372500	291	291	1.68	1	0:02:29.411122
375000	293	293	0.643	1	0:02:29.391649
377500	295	295	0.132	1	0:02:29.316868
380000	297	-1	0.0	0	0:02:29.535697
382500	299	299	1.7	1	0:02:29.494118
385000	301	-1	0.0	0	0:02:29.504887
387500	302	-1	0.0	0	0:02:29.534377
390000	304	304	0.254	1	0:02:29.406937
392500	306	306	0.543	1	0:02:29.470191
395000	308	308	1.96	1	0:02:29.523709
397500	310	-1	0.0	0	0:02:29.342244
400000	312	312	0.934	1	0:02:29.340845
402500	314	314	0.633	1	0:02:29.397476
405000	316	308	0.0339	0	0:02:29.382492
407500	318	59	0.0136	0	0:02:29.293612
410000	320	320	1.96	1	0:02:29.351929
412500	322	322	1.57	1	0:02:29.410415
415000	324	324	1.96	1	0:02:29.464917
417500	326	326	0.893	1	0:02:29.490144
420000	327	978	0.00188	0	0:02:29.221834
422500	329	329	1.72	1	0:02:29.444386
425000	331	331	1.96	1	0:02:29.364780
427500	333	333	1.1	1	0:02:29.407197
430000	335	335	0.326	1	0:02:29.474627
432500	337	360	1.08	0	0:02:29.363657
435000	339	339	0.717	1	0:02:29.509043
437500	341	342	1.73	0	0:02:29.479264
440000	343	343	1.47	1	0:02:29.537197
442500	345	345	1.46	1	0:02:29.474954
445000	347	347	1.86	1	0:02:29.329292
447500	349	348	0.223	0	0:02:29.394669
450000	351	127	0.4	0	0:02:29.196022
452500	353	353	1.81	1	0:02:29.383637
455000	354	354	1.73	1	0:02:29.469180
457500	356	359	0.412	0	0:02:29.427917
460000	358	359	0.748	0	0:02:29.556908
462500	360	360	1.38	1	0:02:29.468933
465000	362	362	1.96	1	0:02:29.517682
467500	364	364	1.96	1	0:02:29.528902
470000	366	366	0.586	1	0:02:29.513836
472500	368	368	1.8	1	0:02:29.574166
475000	370	367	0.279	0	0:02:29.566575
477500	372	372	0.438	1	0:02:29.577518
480000	374	371	0.114	0	0:02:29.561729
482500	376	-1	0.0	0	0:02:29.610197
485000	378	378	1.02	1	0:02:29.589295
487500	379	379	0.496	1	0:02:29.554451
490000	381	-1	0.0	0	0:02:29.601273
492500	383	383	0.176	1	0:02:29.565370
495000	385	-1	0.0	0	0:02:29.514616
497500	387	387	1.96	1	0:02:29.527762
500000	389	389	0.479	1	0:02:29.428087
502500	391	-1	0.0	0	0:02:29.477931
505000	393	393	1.96	1	0:02:29.523991
507500	395	391	0.974	0	0:02:29.456388
510000	397	108	0.203	0	0:02:29.499942
512500	399	837	0.611	0	0:02:29.512358
515000	401	-1	0.0	0	0:02:29.548087
517500	403	403	1.96	1	0:02:29.477566
520000	405	405	1.91	1	0:02:29.406568
522500	407	407	1.96	1	0:02:29.567726
525000	409	409	1.96	1	0:02:29.614086
527500	411	411	0.307	1	0:02:29.546254
530000	412	-1	0.0	0	0:02:29.595062
532500	414	414	1.02	1	0:02:29.493119
535000	416	416	0.995	1	0:02:29.549051
537500	418	418	1.96	1	0:02:29.444291
540000	420	420	0.514	1	0:02:29.507240
542500	422	422	1.07	1	0:02:29.510354
545000	424	-1	0.0	0	0:02:29.489475
547500	426	426	1.55	1	0:02:29.436558
550000	428	-1	0.0	0	0:02:29.455692
552500	430	430	1.91	1	0:02:29.400940
555000	432	432	1.81	1	0:02:29.413571
557500	434	434	0.56	1	0:02:29.286017
560000	436	436	1.09	1	0:02:29.405869
562500	438	434	0.423	0	0:02:29.150508
565000	440	440	1.96	1	0:02:29.363914
567500	442	442	1.61	1	0:02:29.406536
570000	443	443	0.414	1	0:02:29.369882
572500	445	-1	0.0	0	0:02:29.290781
575000	447	642	0.203	0	0:02:29.368201
577500	449	449	1.91	1	0:02:29.259284
580000	451	451	1.86	1	0:02:29.232789
582500	453	453	0.228	1	0:02:29.383333
585000	455	479	0.0213	0	0:02:29.388683
587500	457	457	1.96	1	0:02:29.403466
590000	459	-1	0.0	0	0:02:29.309893
592500	461	524	0.0204	0	0:02:29.378846
595000	463	463	1.96	1	0:02:29.252861
597500	465	465	1.96	1	0:02:29.449059
600000	467	467	1.71	1	0:02:29.430181
602500	469	469	1.96	1	0:02:29.359714
605000	470	470	0.238	1	0:02:29.143248
607500	472	-1	0.0	0	0:02:29.291957
610000	474	474	0.867	1	0:02:29.316463
612500	476	476	1.55	1	0:02:29.469825
615000	478	911	0.284	0	0:02:29.361011
617500	480	886	0.0356	0	0:02:29.439364
620000	482	848	0.871	0	0:02:29.315411
622500	484	484	0.0846	1	0:02:29.381134
625000	486	486	0.41	1	0:02:29.427306
627500	488	-1	0.0	0	0:02:29.258268
630000	490	-1	0.0	0	0:02:29.318444
632500	492	492	1.54	1	0:02:29.292989
635000	494	494	1.91	1	0:02:29.464000
637500	496	496	0.888	1	0:02:29.497749
640000	498	498	1.96	1	0:02:29.406371
642500	500	500	0.519	1	0:02:29.459280
645000	502	502	1.01	1	0:02:29.395440
647500	504	-1	0.0	0	0:02:29.315831
650000	506	506	1.96	1	0:02:29.421477
652500	508	508	1.96	1	0:02:29.379376
655000	510	510	1.84	1	0:02:29.307554
657500	512	512	1.8	1	0:02:29.318174
660000	514	514	0.954	1	0:02:29.427980
662500	515	704	1.96	0	0:02:29.445080
665000	517	864	0.047	0	0:02:29.466030
667500	519	519	0.00184	1	0:02:29.454416
670000	521	732	0.785	0	0:02:29.396453
672500	523	-1	0.0	0	0:02:29.548833
675000	525	977	0.384	0	0:02:29.342484
677500	527	526	0.872	0	0:02:29.589226
680000	529	838	0.715	0	0:02:29.612800
682500	531	531	1.96	1	0:02:29.628467
685000	533	533	1.27	1	0:02:29.575830
687500	535	535	1.19	1	0:02:29.630103
690000	537	537	1.53	1	0:02:29.688515
692500	539	539	1.25	1	0:02:29.733091
695000	541	541	0.901	1	0:02:29.729774
697500	543	543	1.96	1	0:02:29.515380
700000	545	545	1.96	1	0:02:29.647727
702500	547	547	1.96	1	0:02:29.524112
705000	549	549	0.753	1	0:02:29.545579
707500	551	551	1.96	1	0:02:29.481630
710000	553	553	1.96	1	0:02:29.414467
712500	555	555	0.483	1	0:02:29.505921
715000	557	557	1.02	1	0:02:29.347836
717500	558	558	0.88	1	0:02:29.359744
720000	560	473	0.0213	0	0:02:29.391837
722500	562	-1	0.0	0	0:02:29.382666
725000	564	564	1.96	1	0:02:29.435540
727500	566	-1	0.0	0	0:02:29.504262
730000	568	834	1.69	0	0:02:29.328926
732500	570	570	0.608	1	0:02:29.330689
735000	572	572	0.647	1	0:02:29.293467
737500	574	-1	0.0	0	0:02:29.201968
740000	576	-1	0.0	0	0:02:29.433423
742500	578	399	1.63	0	0:02:29.436765
745000	580	580	1.96	1	0:02:29.470495
747500	582	582	1.96	1	0:02:29.481974
750000	584	584	1.91	1	0:02:29.367137
752500	586	586	0.156	1	0:02:29.411230
755000	588	588	1.33	1	0:02:29.524222
757500	590	590	1.07	1	0:02:29.404896
760000	592	592	0.46	1	0:02:29.495451
762500	594	594	1.96	1	0:02:29.512120
765000	596	-1	0.0	0	0:02:29.299852
767500	598	527	0.814	0	0:02:29.318740
770000	600	473	0.484	0	0:02:29.299367
772500	602	602	0.175	1	0:02:29.381518
775000	604	604	1.68	1	0:02:29.368945
777500	605	633	0.107	0	0:02:29.262935
780000	607	607	0.445	1	0:02:29.327726
782500	609	-1	0.0	0	0:02:29.336754
785000	611	-1	0.0	0	0:02:29.247152
787500	613	613	1.96	1	0:02:29.372339
790000	615	615	1.17	1	0:02:29.333393
792500	617	617	1.96	1	0:02:29.307298
795000	619	619	1.55	1	0:02:29.278425
797500	621	621	1.56	1	0:02:29.425825
800000	623	-1	0.0	0	0:02:29.341381
802500	625	625	1.12	1	0:02:29.309989
805000	627	627	0.692	1	0:02:29.369255
807500	629	-1	0.0	0	0:02:29.393121
810000	631	-1	0.0	0	0:02:29.361773
812500	633	633	0.878	1	0:02:29.403728
815000	635	635	1.96	1	0:02:29.374991
817500	637	-1	0.0	0	0:02:29.496450
820000	639	775	0.0913	0	0:02:29.539579
822500	641	641	0.155	1	0:02:29.438550
825000	643	-1	0.0	0	0:02:29.438369
827500	644	644	0.812	1	0:02:29.323355
830000	646	646	1.96	1	0:02:29.504875
832500	648	708	0.475	0	0:02:29.392566
835000	650	-1	0.0	0	0:02:29.430967
837500	652	178	0.102	0	0:02:29.435762
840000	654	654	1.55	1	0:02:29.316355
842500	656	757	0.268	0	0:02:29.525174
845000	658	-1	0.0	0	0:02:29.549613
847500	660	557	1.54	0	0:02:29.387156
850000	662	-1	0.0	0	0:02:29.545512
852500	664	527	0.266	0	0:02:29.581285
855000	666	666	0.641	1	0:02:29.446385
857500	668	-1	0.0	0	0:02:29.525008
860000	670	-1	0.0	0	0:02:29.529252
862500	672	672	0.751	1	0:02:29.589585
865000	674	674	0.488	1	0:02:29.535294
867500	676	676	0.801	1	0:02:29.553452
870000	678	655	0.143	0	0:02:29.639579
872500	680	438	1.19	0	0:02:29.538119
875000	682	46	0.529	0	0:02:29.594672
877500	684	684	1.23	1	0:02:29.461527
880000	686	686	1.96	1	0:02:29.520862
882500	688	688	1.21	1	0:02:29.491681
885000	690	690	0.335	1	0:02:29.501765
887500	692	692	0.219	1	0:02:29.666908
890000	694	694	1.91	1	0:02:29.628226
892500	696	696	0.893	1	0:02:29.613000
895000	697	697	1.91	1	0:02:29.573091
897500	699	699	1.96	1	0:02:29.389361
900000	701	701	1.91	1	0:02:29.359590
902500	703	703	0.651	1	0:02:29.474792
905000	705	466	0.0847	0	0:02:29.490344
907500	707	707	1.12	1	0:02:29.576254
910000	709	709	1.96	1	0:02:29.544266
912500	711	629	0.126	0	0:02:29.612490
915000	713	713	0.683	1	0:02:29.515378
917500	715	715	1.96	1	0:02:29.574679
920000	717	864	1.61	0	0:02:29.564494
922500	719	719	1.96	1	0:02:29.544343
925000	721	-1	0.0	0	0:02:29.624185
927500	723	723	1.96	1	0:02:29.495525
930000	725	-1	0.0	0	0:02:29.520822
932500	727	727	1.96	1	0:02:29.418540
935000	729	-1	0.0	0	0:02:29.360217
937500	731	731	0.925	1	0:02:29.360080
940000	733	-1	0.0	0	0:02:29.281206
942500	735	735	0.958	1	0:02:29.445504
945000	737	737	0.96	1	0:02:29.392462
947500	739	-1	0.0	0	0:02:29.531359
950000	741	741	0.64	1	0:02:29.423734
952500	743	743	1.96	1	0:02:29.449616
955000	745	-1	0.0	0	0:02:29.576733
957500	747	416	0.215	0	0:02:29.538822
960000	749	674	0.626	0	0:02:29.472728
962500	751	751	1.96	1	0:02:29.465435
965000	753	904	0.659	0	0:02:29.325647
967500	755	538	0.365	0	0:02:29.507634
970000	757	757	1.91	1	0:02:29.325676
972500	759	759	1.96	1	0:02:29.524520
975000	761	761	1.7	1	0:02:29.428166
977500	763	763	0.348	1	0:02:29.365514
980000	765	765	1.96	1	0:02:29.408273
982500	766	702	0.233	0	0:02:29.199350
985000	768	768	1.96	1	0:02:29.387631
987500	770	770	1.52	1	0:02:29.245709
990000	772	772	1.08	1	0:02:29.383415
992500	774	774	1.66	1	0:02:29.326733
995000	776	776	0.903	1	0:02:29.349311
997500	778	-1	0.0	0	0:02:29.345435
1000000	780	780	1.96	1	0:02:29.363163
1002500	782	681	0.706	0	0:02:29.480087
1005000	784	473	0.0461	0	0:02:29.337268
1007500	786	786	1.67	1	0:02:29.454143
1010000	788	-1	0.0	0	0:02:29.503802
1012500	790	721	0.491	0	0:02:29.325305
1015000	792	792	0.992	1	0:02:29.410759
1017500	794	794	1.3	1	0:02:29.387329
1020000	796	796	1.96	1	0:02:29.373326
1022500	798	798	1.96	1	0:02:29.293643
1025000	800	800	1.96	1	0:02:29.375747
1027500	801	691	0.126	0	0:02:29.335577
1030000	803	803	0.842	1	0:02:29.321882
1032500	805	805	1.09	1	0:02:29.310097
1035000	807	807	1.7	1	0:02:29.107192
1037500	809	809	0.0173	1	0:02:29.409527
1040000	811	651	0.0631	0	0:02:29.260550
1042500	813	-1	0.0	0	0:02:29.360735
1045000	815	30	0.0262	0	0:02:29.392060
1047500	817	817	1.07	1	0:02:29.322903
1050000	819	819	1.23	1	0:02:29.490031
1052500	821	821	1.04	1	0:02:29.494821
1055000	823	827	0.68	0	0:02:29.430180
1057500	825	825	1.16	1	0:02:29.479793
1060000	827	827	1.04	1	0:02:29.504038
1062500	829	829	1.49	1	0:02:29.568132
1065000	831	-1	0.0	0	0:02:29.403552
1067500	833	833	1.91	1	0:02:29.565160
1070000	835	818	0.784	0	0:02:29.506694
1072500	837	837	0.738	1	0:02:29.475128
1075000	839	699	0.153	0	0:02:29.479173
1077500	841	-1	0.0	0	0:02:29.543580
1080000	843	843	1.96	1	0:02:29.492419
1082500	845	957	0.653	0	0:02:29.403118
1085000	847	847	0.951	1	0:02:29.546653
1087500	849	849	1.66	1	0:02:29.506574
1090000	851	-1	0.0	0	0:02:29.386272
1092500	853	853	1.56	1	0:02:29.405638
1095000	855	-1	0.0	0	0:02:29.276255
1097500	856	47	0.728	0	0:02:29.326233
1100000	859	859	1.17	1	0:02:29.409704
1102500	861	861	1.86	1	0:02:29.360388
1105000	862	862	1.88	1	0:02:29.470482
1107500	864	757	0.402	0	0:02:29.281361
1110000	866	866	0.0968	1	0:02:29.419407
1112500	868	868	1.63	1	0:02:29.391607
1115000	870	870	0.381	1	0:02:29.495091
1117500	872	-1	0.0	0	0:02:29.381869
1120000	874	874	1.96	1	0:02:29.442172
1122500	876	680	0.632	0	0:02:29.485754
1125000	878	878	1.96	1	0:02:29.467114
1127500	880	-1	0.0	0	0:02:29.521309
1130000	882	882	1.23	1	0:02:29.410265
1132500	884	884	1.96	1	0:02:29.404373
1135000	886	886	0.439	1	0:02:29.302184
1137500	888	-1	0.0	0	0:02:29.192139
1140000	890	890	1.07	1	0:02:29.306067
1142500	892	-1	0.0	0	0:02:29.259144
1145000	894	894	1.88	1	0:02:29.283808
1147500	896	896	0.937	1	0:02:29.176808
1150000	898	-1	0.0	0	0:02:29.285440
1152500	900	900	0.293	1	0:02:29.138062
1155000	902	-1	0.0	0	0:02:29.284819
1157500	904	799	0.865	0	0:02:29.266032
1160000	906	906	1.71	1	0:02:29.333052
1162500	908	404	1.09	0	0:02:29.183088
1165000	910	-1	0.0	0	0:02:29.394310
1167500	911	-1	0.0	0	0:02:29.346907
1170000	913	466	0.085	0	0:02:29.445631
1172500	915	915	1.96	1	0:02:29.382585
1175000	917	917	1.61	1	0:02:29.543661
1177500	919	919	1.96	1	0:02:29.450250
1180000	921	922	0.452	0	0:02:29.301533
1182500	923	923	1.27	1	0:02:29.369568
1185000	925	923	1.25	0	0:02:29.335816
1187500	927	927	1.13	1	0:02:29.425064
1190000	929	419	0.544	0	0:02:29.376836
1192500	931	-1	0.0	0	0:02:29.399836
1195000	933	934	0.387	0	0:02:29.469209
1197500	935	965	0.183	0	0:02:29.557135
1200000	937	937	0.101	1	0:02:29.477513
1202500	939	939	1.96	1	0:02:29.551655
1205000	941	941	1.71	1	0:02:29.611156
1207500	943	943	1.91	1	0:02:29.577833
1210000	945	945	1.96	1	0:02:29.491412
1212500	947	947	0.198	1	0:02:29.598852
1215000	949	949	1.96	1	0:02:29.602003
1217500	950	950	0.337	1	0:02:29.528562
1220000	952	952	1.96	1	0:02:29.658411
1222500	954	954	1.96	1	0:02:29.537729
1225000	956	956	0.14	1	0:02:29.624150
1227500	958	958	1.96	1	0:02:29.545725
1230000	960	809	0.0657	0	0:02:29.613204
1232500	962	962	1.28	1	0:02:29.707784
1235000	964	964	1.96	1	0:02:29.499623
1237500	966	966	1.28	1	0:02:29.568362
1240000	968	948	0.0331	0	0:02:29.619241
1242500	970	795	0.38	0	0:02:29.589120
1245000	972	-1	0.0	0	0:02:29.613308
1247500	974	974	1.96	1	0:02:29.552953
1250000	976	978	1.75	0	0:02:29.432801
1252500	977	977	1.45	1	0:02:29.307168
1255000	979	979	1.96	1	0:02:29.584489
1257500	981	981	1.96	1	0:02:29.564589
1260000	983	983	0.447	1	0:02:29.632200
1262500	985	985	0.0141	1	0:02:29.596279
1265000	987	987	1.88	1	0:02:29.522605
1267500	989	989	1.96	1	0:02:29.632515
1270000	991	991	1.96	1	0:02:29.610749
1272500	993	993	0.495	1	0:02:29.633997
1275000	995	995	1.96	1	0:02:29.620707
1277500	997	943	0.0413	0	0:02:29.621096
1280000	999	999	1.96	1	0:02:29.597803
